68
-9987 1840
-9986 -5133
-9955 -5458
-9970 -837
-9930 -3884
-9932 -2594
-9797 -9350
-9773 -8214
-9878 -2947
-9709 -9916
-9805 -5306
-9646 -9719
-9855 -2517
-9809 -3598
-9771 -4164
-9604 -8654
-9547 -8477
-9588 -7328
-9674 -4605
-9414 -9863
-9418 -9764
-9446 -8835
-9630 -4929
-9411 -8023
-9412 -7537
-9500 -5971
-9538 -5185
-9237 -9661
-9563 -4618
-9696 -2439
-9663 -2861
-9456 -5800
-9439 -5950
-9699 -2244
-9540 -4436
-9361 -6879
-9426 -5972
-9136 -9616
-9407 -5796
-9447 -4946
-9050 -9930
-9517 -4004
-9205 -7856
-9474 -4479
-9389 -5414
-9059 -9380
-9459 -3768
-9088 -7584
-9049 -7950
-9273 -5542
-8947 -8833
-9499 -2902
-9125 -6218
-8762 -9247
-8762 -9222
-8920 -7651
-9471 -2695
-9423 -3068
-8857 -7806
-9006 -6465
-8593 -9465
-9165 -4654
-8575 -9122
-9481 -2015
-9641 -763
-8459 -9431
-9440 -2179
-9193 -3864
